0.15835659 0.016254663 0.050546408 0.075101055
0.85941917 0.07657027 0.05006975 0.07063511
0.87091935 0.18808302 0.017096817 0.025206
0.85871464 0.25523943 0.05198568 0.06793764
0.8581752 0.33925685 0.050904512 0.06955844
0.8598354 0.42721936 0.05298084 0.070732296
0.85940754 0.51951957 0.05153227 0.06857121
0.87104493 0.6234297 0.01700145 0.024113834
0.0449242 0.65829444 0.05198568 0.07241142
0.27079612 0.6571712 0.051418364 0.07433146
0.29768416 0.11944574 0.01680848 0.024137124
0.32179594 0.119 0.01763627 0.020390235
0.3473842 0.119 0.01763 0.022706784
0.37126812 0.119 0.01763 0.0227
0.3953241 0.119 0.01763 0.0227
0.42022645 0.119 0.01763 0.0227
0.4579497 0.119 0.01763 0.0227
0.48201963 0.119 0.01763 0.0227
0.5068127 0.119 0.01763 0.0227
0.5312035 0.119 0.01763 0.0227
0.55513626 0.119 0.01763 0.0227
0.58040595 0.119 0.01763 0.0227
0.6177525 0.119 0.01763 0.0227
0.6421968 0.119 0.01763 0.0227
0.6671503 0.119 0.01763 0.0227
0.69122255 0.119 0.01763 0.0227
0.71597844 0.119 0.01763 0.0227
0.7395554 0.119 0.01763 0.0227
0.03 0.55 0.055 0.096
0.09 0.55 0.055 0.096
0.027 0.255 0.115 0.072
0.027 0.328 0.115 0.039
0.027 0.365 0.115 0.039
0.027 0.405 0.115 0.038
0.027 0.442 0.115 0.040
0.027 0.482 0.115 0.058
